cam0:
  cam_overlaps: [1, 2]
  camera_model: ds
  distortion_coeffs: []
  distortion_model: none
  intrinsics: [-0.19034334036409103, 0.5916952353594231, 236.24857851158393, 235.934678017407,
    605.8353257537015, 519.8694235793878]
  resolution: [1224, 1028]
  rostopic: /camera_0/image_raw
cam1:
  T_cn_cnm1:
  - [0.9999709228534079, 0.001757500798733949, -0.007420555144011122, -0.24283216899964255]
  - [-0.0016227666391466472, 0.9998344293988867, 0.01812402871981784, 0.0016814922860126321]
  - [0.007451179513186694, -0.018111459895446273, 0.9998082090802801, 0.004162009661427536]
  - [0.0, 0.0, 0.0, 1.0]
  cam_overlaps: [0, 2]
  camera_model: ds
  distortion_coeffs: []
  distortion_model: none
  intrinsics: [-0.17328006380647726, 0.601196688001079, 242.63455045625554, 243.20894439152534,
    611.1298871181737, 497.5724985578501]
  resolution: [1224, 1028]
  rostopic: /camera_1/image_raw
cam2:
  T_cn_cnm1:
  - [0.9999599782145568, -0.007745564482048588, 0.004477521636385392, 0.12176757658326431]
  - [0.00778189727536805, 0.9999364683777922, -0.008154831877552672, -0.2916338978309098]
  - [-0.004414073396024497, 0.008189349120043503, 0.9999567243221336, -0.001920692746892524]
  - [0.0, 0.0, 0.0, 1.0]
  cam_overlaps: [0, 1]
  camera_model: ds
  distortion_coeffs: []
  distortion_model: none
  intrinsics: [-0.18287793919734166, 0.5990970185982584, 238.71462571058257, 238.58036561081522,
    613.5098268057494, 499.37036984090776]
  resolution: [1224, 1028]
  rostopic: /camera_2/image_raw
